14
GCF_000421265.1-K355_RS0119855 0.0000000 1.0394029 1.6653209 1.8714959 0.9168181 1.1228212 1.2581374 0.9880274 1.7886622 1.0450679 1.4529834 1.1101156 1.0454403 1.6399961 
GCF_000423645.1-G568_RS0115095 1.0394029 0.0000000 1.8808008 1.5932861 0.2121811 0.2651134 1.2197336 0.4256324 1.8565109 0.1082687 0.9905135 1.0787561 1.1066280 1.0878893 
GCF_000423645.1-G568_RS0108480 1.6653209 1.8808008 0.0000000 0.3468498 1.6722616 1.7013521 1.4082796 1.7887473 0.3407557 1.8756816 1.6432985 1.4527434 2.0023744 2.2183839 
GCF_000169415.1-SSE37_RS08100  1.8714959 1.5932861 0.3468498 0.0000000 1.5704506 1.5914476 1.5758492 1.5739644 0.3688286 1.5234115 1.4166908 1.6706647 2.2209994 2.4749030 
GCF_000169415.1-SSE37_RS16260  0.9168181 0.2121811 1.6722616 1.5704506 0.0000000 0.2311392 1.2826304 0.4057184 1.7010249 0.0998531 1.0616649 1.2164153 1.1310347 1.1290531 
GCF_000442315.1-RUTHE_RS05685  1.1228212 0.2651134 1.7013521 1.5914476 0.2311392 0.0000000 1.3037073 0.4167250 1.7679860 0.2067139 0.9804651 1.2211334 1.1030157 1.1581450 
GCF_001870665.2-BG454_RS16400  1.2581374 1.2197336 1.4082796 1.5758492 1.2826304 1.3037073 0.0000000 1.1991293 1.4230913 1.3753246 0.6279933 0.8994053 1.0245966 1.4248650 
GCF_001870665.2-BG454_RS09765  0.9880274 0.4256324 1.7887473 1.5739644 0.4057184 0.4167250 1.1991293 0.0000000 1.7813886 0.3797296 0.9951276 1.1737484 1.2025866 1.2195041 
GCF_900110775.1-BSF79_RS18365  1.7886622 1.8565109 0.3407557 0.3688286 1.7010249 1.7679860 1.4230913 1.7813886 0.0000000 1.8484501 1.4853019 1.5847528 1.8843052 2.2501810 
GCF_900110775.1-BSF79_RS15930  1.0450679 0.1082687 1.8756816 1.5234115 0.0998531 0.2067139 1.3753246 0.3797296 1.8484501 0.0000000 1.0163662 1.1772330 1.1148478 1.1203460 
GCF_001687365.1-ADU59_RS19520  1.4529834 0.9905135 1.6432985 1.4166908 1.0616649 0.9804651 0.6279933 0.9951276 1.4853019 1.0163662 0.0000000 1.0310968 0.9155979 1.5693418 
GCF_001687365.1-ADU59_RS12685  1.1101156 1.0787561 1.4527434 1.6706647 1.2164153 1.2211334 0.8994053 1.1737484 1.5847528 1.1772330 1.0310968 0.0000000 1.1384613 1.0007771 
GCF_000374005.1-B152_RS0108145 1.0454403 1.1066280 2.0023744 2.2209994 1.1310347 1.1030157 1.0245966 1.2025866 1.8843052 1.1148478 0.9155979 1.1384613 0.0000000 1.7194381 
GCF_002208825.2-CEP68_RS17635  1.6399961 1.0878893 2.2183839 2.4749030 1.1290531 1.1581450 1.4248650 1.2195041 2.2501810 1.1203460 1.5693418 1.0007771 1.7194381 0.0000000 
