20
GCF_000421265.1-K355_RS0117460 0.0000000 2.2383914 1.2561154 1.4676275 1.3293523 2.9386663 2.4330898 2.3619224 2.0205102 1.3095981 3.3187840 0.9664079 2.4246291 1.7127558 1.8011274 2.5197406 2.0576505 2.0308263 1.9361038 1.4863701 
GCF_000021325.1-GDIA_RS09815   2.2383914 0.0000000 2.5903187 2.9878215 2.7909052 2.4080706 1.3397573 1.3672895 1.4007468 1.1994325 2.5205506 1.7655025 1.4725739 1.4562128 1.7105483 1.2990286 1.5311874 1.8313590 2.2788252 2.8082872 
GCF_000423645.1-G568_RS0108480 1.2561154 2.5903187 0.0000000 0.3274216 0.3265847 3.8508290 2.3379557 1.8024256 2.3524252 1.8730435 4.1503100 1.2979180 2.3385044 1.8504989 2.4766434 1.7178406 2.2935888 2.3760647 2.5678862 1.9061094 
GCF_000169415.1-SSE37_RS08100  1.4676275 2.9878215 0.3274216 0.0000000 0.3538728 3.5689130 2.4681229 2.2248741 2.4425016 2.0928917 4.0989716 1.4751483 2.3175621 2.1381971 2.5848058 2.0874225 2.2492920 2.5683539 2.8352880 2.0981424 
GCF_900110775.1-BSF79_RS18365  1.3293523 2.7909052 0.3265847 0.3538728 0.0000000 3.6553834 2.3804865 2.1162086 2.5271784 1.9882977 3.9466789 1.4131819 2.1439924 1.8780823 2.3586920 2.0569345 2.5147377 2.3285750 2.3435822 1.9380686 
GCF_000017565.1-PLAV_RS12075   2.9386663 2.4080706 3.8508290 3.5689130 3.6553834 0.0000000 1.9808637 1.9613383 2.2523590 1.9111555 1.9715772 2.6064789 2.0494981 2.2560610 1.9418642 1.6440143 2.3905416 2.1587352 2.0810644 2.6888172 
GCF_000017565.1-PLAV_RS12070   2.4330898 1.3397573 2.3379557 2.4681229 2.3804865 1.9808637 0.0000000 0.8870893 1.2612086 1.3609094 2.3190742 1.9243072 1.0472974 1.4303056 1.4981945 0.9437208 1.2256099 1.7094938 1.6002184 2.2347320 
GCF_000017565.1-PLAV_RS11965   2.3619224 1.3672895 1.8024256 2.2248741 2.1162086 1.9613383 0.8870893 0.0000000 1.2196639 1.2050514 2.0251556 1.8166173 1.0292650 1.3619861 1.4419763 0.2978105 1.1663422 1.4826899 1.5561793 2.3499586 
GCF_000017565.1-PLAV_RS11955   2.0205102 1.4007468 2.3524252 2.4425016 2.5271784 2.2523590 1.2612086 1.2196639 0.0000000 1.3986940 2.8475076 1.8644822 1.5334011 1.6275249 1.7145856 1.1926678 0.3564073 1.8272179 1.8395362 2.0865636 
GCF_000017565.1-PLAV_RS10335   1.3095981 1.1994325 1.8730435 2.0928917 1.9882977 1.9111555 1.3609094 1.2050514 1.3986940 0.0000000 2.0056360 1.5037864 1.1907465 0.8776611 1.3541236 1.1266472 1.3132473 1.5238610 1.2597402 2.0108380 
GCF_000017565.1-PLAV_RS05525   3.3187840 2.5205506 4.1503100 4.0989716 3.9466789 1.9715772 2.3190742 2.0251556 2.8475076 2.0056360 0.0000000 3.2858687 2.7859048 2.1305185 2.3977056 2.0858388 3.0468759 2.5910412 2.4211055 3.2687576 
GCF_001687365.1-ADU59_RS12685  0.9664079 1.7655025 1.2979180 1.4751483 1.4131819 2.6064789 1.9243072 1.8166173 1.8644822 1.5037864 3.2858687 0.0000000 1.8409946 1.3691608 1.8070328 1.7952110 1.7926036 2.1141394 1.6862472 0.9193824 
GCF_001687365.1-ADU59_RS05750  2.4246291 1.4725739 2.3385044 2.3175621 2.1439924 2.0494981 1.0472974 1.0292650 1.5334011 1.1907465 2.7859048 1.8409946 0.0000000 1.5791561 1.4150172 0.9660470 1.4194916 1.5924687 2.0750221 2.9486477 
GCF_000385335.1-A3OQ_RS0103935 1.7127558 1.4562128 1.8504989 2.1381971 1.8780823 2.2560610 1.4303056 1.3619861 1.6275249 0.8776611 2.1305185 1.3691608 1.5791561 0.0000000 1.4533596 1.2456679 1.6092649 1.4034094 1.2464513 1.5327393 
GCF_900168195.1-B5Y19_RS10715  1.8011274 1.7105483 2.4766434 2.5848058 2.3586920 1.9418642 1.4981945 1.4419763 1.7145856 1.3541236 2.3977056 1.8070328 1.4150172 1.4533596 0.0000000 1.2562350 1.7978407 1.0759094 1.5435662 1.7872618 
GCF_900168195.1-B5Y19_RS10675  2.5197406 1.2990286 1.7178406 2.0874225 2.0569345 1.6440143 0.9437208 0.2978105 1.1926678 1.1266472 2.0858388 1.7952110 0.9660470 1.2456679 1.2562350 0.0000000 1.2532898 1.4452092 1.4429619 2.0441720 
GCF_900168195.1-B5Y19_RS10665  2.0576505 1.5311874 2.2935888 2.2492920 2.5147377 2.3905416 1.2256099 1.1663422 0.3564073 1.3132473 3.0468759 1.7926036 1.4194916 1.6092649 1.7978407 1.2532898 0.0000000 1.7607153 1.9707259 2.3485486 
GCF_000374005.1-B152_RS0109090 2.0308263 1.8313590 2.3760647 2.5683539 2.3285750 2.1587352 1.7094938 1.4826899 1.8272179 1.5238610 2.5910412 2.1141394 1.5924687 1.4034094 1.0759094 1.4452092 1.7607153 0.0000000 1.7681437 2.2769913 
GCF_002208825.2-CEP68_RS27755  1.9361038 2.2788252 2.5678862 2.8352880 2.3435822 2.0810644 1.6002184 1.5561793 1.8395362 1.2597402 2.4211055 1.6862472 2.0750221 1.2464513 1.5435662 1.4429619 1.9707259 1.7681437 0.0000000 1.5545154 
GCF_002208825.2-CEP68_RS17635  1.4863701 2.8082872 1.9061094 2.0981424 1.9380686 2.6888172 2.2347320 2.3499586 2.0865636 2.0108380 3.2687576 0.9193824 2.9486477 1.5327393 1.7872618 2.0441720 2.3485486 2.2769913 1.5545154 0.0000000 
