28
GCF_000021325-1-GDIA_RS09815   0.0000000 1.3808439 1.6079449 1.6259333 1.5896538 0.8931777 1.1707534 1.0614986 0.9214619 1.3824772 1.2297288 1.1885893 1.0169298 1.1195818 1.0846899 1.7034084 1.2899092 1.4267655 1.3558436 1.1626504 1.1960567 1.4120697 1.6531227 1.2882956 1.6072143 1.4162463 1.3898754 2.0020168 
GCF_000423645-1-G568_RS0108480 1.3808439 0.0000000 0.3711282 0.3524473 2.4286425 1.5677055 1.3460114 1.4888658 1.1653655 2.3517948 1.5008430 1.2092091 1.6863636 1.1395642 1.4051375 2.0033184 1.3995997 1.0470800 1.0800843 0.9757199 1.0977055 1.2746853 1.1929492 0.9087457 1.1391423 1.0991466 1.1700175 1.4289471 
GCF_000169415-1-SSE37_RS08100  1.6079449 0.3711282 0.0000000 0.3566488 2.3044063 1.3539658 1.5125889 1.4356751 1.2324546 2.2169583 1.5639022 1.4009303 1.6203767 1.4135497 1.2193710 2.1890838 1.5525555 0.9087636 0.9133450 0.8302128 0.8632427 1.1079105 1.3046026 0.9178992 1.1423166 1.0099189 1.1937674 1.5507174 
GCF_900110775-1-BSF79_RS18365  1.6259333 0.3524473 0.3566488 0.0000000 2.6232388 1.4375553 1.6760584 1.6421804 1.6090875 2.5898602 1.6987261 1.2490812 1.8990953 1.2844481 1.4932563 2.5394373 1.3525036 1.1616861 1.1574237 1.0170739 1.1681997 1.1876752 1.2922216 0.8693094 0.9864495 0.9900235 1.1450799 1.5015297 
GCF_000017565-1-PLAV_RS12075   1.5896538 2.4286425 2.3044063 2.6232388 0.0000000 1.9937510 1.9370293 1.6631366 1.3946342 1.3544982 1.9844286 1.3573029 1.2042840 1.6422912 1.7973471 1.8818402 1.5775505 1.7964549 1.6287094 1.5037393 1.5259098 1.9291367 1.8652183 1.9780625 2.8468953 1.5376906 2.0895106 2.6967618 
GCF_000017565-1-PLAV_RS12070   0.8931777 1.5677055 1.3539658 1.4375553 1.9937510 0.0000000 1.1882923 1.0312037 1.0382656 1.7196063 1.0314904 1.1911886 1.5002113 1.1121194 0.8462805 1.9992054 1.1184999 1.2604177 1.2945379 1.1854113 1.3245221 1.5825654 1.5355030 1.5166236 1.7694746 1.3132294 1.7013608 1.4853397 
GCF_000017565-1-PLAV_RS11965   1.1707534 1.3460114 1.5125889 1.6760584 1.9370293 1.1882923 0.0000000 1.1865477 1.2141650 1.3082750 1.3167226 1.5161119 1.2509203 0.6143032 1.2123863 1.5931743 1.1793893 1.4539008 1.5885038 1.5920883 1.5937618 1.7235790 1.8007039 1.5352591 2.0775170 1.9119751 1.8523202 2.0115762 
GCF_000017565-1-PLAV_RS11955   1.0614986 1.4888658 1.4356751 1.6421804 1.6631366 1.0312037 1.1865477 0.0000000 1.0711217 1.7492582 1.1294225 1.1671159 1.0177654 1.0645803 0.4881502 1.5406056 1.1953527 1.2769310 1.1116957 1.3062089 1.4364448 1.4777769 1.2050042 1.4911154 1.6632656 1.6454437 1.5553506 1.9506231 
GCF_000017565-1-PLAV_RS10335   0.9214619 1.1653655 1.2324546 1.6090875 1.3946342 1.0382656 1.2141650 1.0711217 0.0000000 1.3787089 1.0228987 0.7939354 1.0800260 1.0987319 1.0159623 1.4365469 0.9875072 0.9802279 1.0789360 0.9364483 1.0720442 1.3871288 1.5948339 1.2822532 1.3414289 1.2086516 1.3114055 1.2208730 
GCF_000017565-1-PLAV_RS05525   1.3824772 2.3517948 2.2169583 2.5898602 1.3544982 1.7196063 1.3082750 1.7492582 1.3787089 0.0000000 1.6292888 1.3171577 1.7490665 1.4352271 2.0413833 2.0225563 1.6009839 1.4715304 1.5858430 1.4974626 1.6973330 2.0888953 1.9172527 1.9048450 2.3640926 2.3858135 2.1060101 2.7534984 
GCF_001687365-1-ADU59_RS05750  1.2297288 1.5008430 1.5639022 1.6987261 1.9844286 1.0314904 1.3167226 1.1294225 1.0228987 1.6292888 0.0000000 1.1112052 1.2897232 0.9753856 0.9818215 1.6416998 1.6114423 1.5287271 1.6123807 1.5147657 1.3821809 1.7908544 1.9822756 1.3371377 1.9000257 1.7105717 2.3834682 2.4685160 
GCF_000385335-1-A3OQ_RS0103935 1.1885893 1.2092091 1.4009303 1.2490812 1.3573029 1.1911886 1.5161119 1.1671159 0.7939354 1.3171577 1.1112052 0.0000000 1.0534796 1.2699524 1.1753381 1.4719207 0.9148138 1.1900744 1.3243682 1.1332669 1.0756070 1.2404384 1.0904560 0.9916675 1.5326241 1.1317246 1.3173539 1.6455786 
GCF_900168195-1-B5Y19_RS10715  1.0169298 1.6863636 1.6203767 1.8990953 1.2042840 1.5002113 1.2509203 1.0177654 1.0800260 1.7490665 1.2897232 1.0534796 0.0000000 1.3535357 1.0105723 0.9917650 1.1459305 1.1879160 1.4811121 1.4268014 1.6708180 1.4740086 1.0497406 1.1391544 1.5523249 1.4512509 2.0728537 1.9617210 
GCF_900168195-1-B5Y19_RS10675  1.1195818 1.1395642 1.4135497 1.2844481 1.6422912 1.1121194 0.6143032 1.0645803 1.0987319 1.4352271 0.9753856 1.2699524 1.3535357 0.0000000 0.8597512 1.7070824 1.2626505 1.2951540 1.4050076 1.2383007 1.3034924 1.7586446 1.3959018 1.3182708 2.0335867 1.8162477 2.0682866 2.3379192 
GCF_900168195-1-B5Y19_RS10665  1.0846899 1.4051375 1.2193710 1.4932563 1.7973471 0.8462805 1.2123863 0.4881502 1.0159623 2.0413833 0.9818215 1.1753381 1.0105723 0.8597512 0.0000000 1.5016935 1.3825507 1.3203662 1.4578307 1.1587980 1.3222685 1.5429042 1.3305360 1.1091723 1.6690571 1.4765331 1.6846569 1.8128493 
GCF_000374005-1-B152_RS0109090 1.7034084 2.0033184 2.1890838 2.5394373 1.8818402 1.9992054 1.5931743 1.5406056 1.4365469 2.0225563 1.6416998 1.4719207 0.9917650 1.7070824 1.5016935 0.0000000 1.6238876 1.7763419 1.7427291 1.8665092 1.6729991 2.0117249 2.0558571 1.7242008 2.3369641 1.7293048 2.0620211 1.9599561 
GCF_002208825-2-CEP68_RS27755  1.2899092 1.3995997 1.5525555 1.3525036 1.5775505 1.1184999 1.1793893 1.1953527 0.9875072 1.6009839 1.6114423 0.9148138 1.1459305 1.2626505 1.3825507 1.6238876 0.0000000 1.2230342 1.2598628 1.1631957 1.1103472 1.2784762 1.0926760 1.0025018 1.5049345 1.2715512 1.5072805 1.5724935 
GCF_000423645.1-G568_RS0115095 1.4267655 1.0470800 0.9087636 1.1616861 1.7964549 1.2604177 1.4539008 1.2769310 0.9802279 1.4715304 1.5287271 1.1900744 1.1879160 1.2951540 1.3203662 1.7763419 1.2230342 0.0000000 0.1996982 0.3013665 0.3253047 0.5300916 0.9533558 0.7904249 1.0048656 0.7207008 0.6918356 0.9128007 
GCF_900110775.1-BSF79_RS15930  1.3558436 1.0800843 0.9133450 1.1574237 1.6287094 1.2945379 1.5885038 1.1116957 1.0789360 1.5858430 1.6123807 1.3243682 1.4811121 1.4050076 1.4578307 1.7427291 1.2598628 0.1996982 0.0000000 0.2449405 0.2986560 0.4981306 0.9515918 0.9196533 1.0497207 0.8151007 0.8196241 0.9389211 
GCF_000169415.1-SSE37_RS16260  1.1626504 0.9757199 0.8302128 1.0170739 1.5037393 1.1854113 1.5920883 1.3062089 0.9364483 1.4974626 1.5147657 1.1332669 1.4268014 1.2383007 1.1587980 1.8665092 1.1631957 0.3013665 0.2449405 0.0000000 0.3250684 0.5280030 0.9070315 0.8211741 1.0464528 0.8522295 0.8400869 0.9682805 
GCF_000442315.1-RUTHE_RS05685  1.1960567 1.0977055 0.8632427 1.1681997 1.5259098 1.3245221 1.5937618 1.4364448 1.0720442 1.6973330 1.3821809 1.0756070 1.6708180 1.3034924 1.3222685 1.6729991 1.1103472 0.3253047 0.2986560 0.3250684 0.0000000 0.5764721 0.9153911 0.8340203 1.0997020 0.7047878 0.8057565 1.0297454 
GCF_001870665.2-BG454_RS09765  1.4120697 1.2746853 1.1079105 1.1876752 1.9291367 1.5825654 1.7235790 1.4777769 1.3871288 2.0888953 1.7908544 1.2404384 1.4740086 1.7586446 1.5429042 2.0117249 1.2784762 0.5300916 0.4981306 0.5280030 0.5764721 0.0000000 1.0292886 0.9643099 0.9226760 0.6652307 0.7684728 1.1126616 
GCF_002208825-2-CEP68_RS17635  1.6531227 1.1929492 1.3046026 1.2922216 1.8652183 1.5355030 1.8007039 1.2050042 1.5948339 1.9172527 1.9822756 1.0904560 1.0497406 1.3959018 1.3305360 2.0558571 1.0926760 0.9533558 0.9515918 0.9070315 0.9153911 1.0292886 0.0000000 0.6571108 1.0273961 0.9100567 1.0787707 1.2769310 
GCF_001687365-1-ADU59_RS12685  1.2882956 0.9087457 0.9178992 0.8693094 1.9780625 1.5166236 1.5352591 1.4911154 1.2822532 1.9048450 1.3371377 0.9916675 1.1391544 1.3182708 1.1091723 1.7242008 1.0025018 0.7904249 0.9196533 0.8211741 0.8340203 0.9643099 0.6571108 0.0000000 0.7623756 0.7205932 0.7378106 0.9171468 
GCF_001870665.2-BG454_RS16400  1.6072143 1.1391423 1.1423166 0.9864495 2.8468953 1.7694746 2.0775170 1.6632656 1.3414289 2.3640926 1.9000257 1.5326241 1.5523249 2.0335867 1.6690571 2.3369641 1.5049345 1.0048656 1.0497207 1.0464528 1.0997020 0.9226760 1.0273961 0.7623756 0.0000000 0.5803988 0.9971300 1.0157595 
GCF_001687365.1-ADU59_RS19520  1.4162463 1.0991466 1.0099189 0.9900235 1.5376906 1.3132294 1.9119751 1.6454437 1.2086516 2.3858135 1.7105717 1.1317246 1.4512509 1.8162477 1.4765331 1.7293048 1.2715512 0.7207008 0.8151007 0.8522295 0.7047878 0.6652307 0.9100567 0.7205932 0.5803988 0.0000000 0.8921635 0.8310793 
GCF_000421265.1-K355_RS0119855 1.3898754 1.1700175 1.1937674 1.1450799 2.0895106 1.7013608 1.8523202 1.5553506 1.3114055 2.1060101 2.3834682 1.3173539 2.0728537 2.0682866 1.6846569 2.0620211 1.5072805 0.6918356 0.8196241 0.8400869 0.8057565 0.7684728 1.0787707 0.7378106 0.9971300 0.8921635 0.0000000 0.8291341 
GCF_000374005.1-B152_RS0108145 2.0020168 1.4289471 1.5507174 1.5015297 2.6967618 1.4853397 2.0115762 1.9506231 1.2208730 2.7534984 2.4685160 1.6455786 1.9617210 2.3379192 1.8128493 1.9599561 1.5724935 0.9128007 0.9389211 0.9682805 1.0297454 1.1126616 1.2769310 0.9171468 1.0157595 0.8310793 0.8291341 0.0000000 
