15
GCF_000421265.1-K355_RS0117460 0.0000000 1.3291144 1.5386326 1.7345314 1.2392136 1.4559762 1.3324968 1.3971751 1.3661057 1.3930232 1.1112793 0.8689722 1.0814964 1.1576990 1.5081497 
GCF_000423645-1-G568_RS0108480 1.3291144 0.0000000 0.3785496 0.3610948 1.2015616 1.2632129 1.1594705 1.2829077 1.7180382 1.4068363 1.0289781 1.3892729 1.3053007 1.3384226 1.7928338 
GCF_000169415-1-SSE37_RS08100  1.5386326 0.3785496 0.0000000 0.3642642 1.0530102 1.0613681 0.9865715 0.9967852 1.4846127 1.5949243 1.0473800 1.4040332 1.2162885 1.4020603 1.9721823 
GCF_900110775-1-BSF79_RS18365  1.7345314 0.3610948 0.3642642 0.0000000 1.3834438 1.3763895 1.2643598 1.3895153 1.5853223 1.5796317 0.9881878 1.2151614 1.1942564 1.3417280 1.9717708 
GCF_000423645-1-G568_RS0115095 1.2392136 1.2015616 1.0530102 1.3834438 0.0000000 0.2019833 0.3078463 0.3293699 0.5559298 1.0559641 0.8348243 1.1152153 0.7590152 0.7357891 1.0491445 
GCF_900110775-1-BSF79_RS15930  1.4559762 1.2632129 1.0613681 1.3763895 0.2019833 0.0000000 0.2500652 0.3039606 0.5256619 1.0520085 0.9818033 1.1997962 0.8722911 0.9002157 1.0593391 
GCF_000169415-1-SSE37_RS16260  1.3324968 1.1594705 0.9865715 1.2643598 0.3078463 0.2500652 0.0000000 0.3303063 0.5559302 1.0151175 0.8792373 1.2174523 0.9206020 0.9272129 1.0780387 
GCF_000442315-1-RUTHE_RS05685  1.3971751 1.2829077 0.9967852 1.3895153 0.3293699 0.3039606 0.3303063 0.0000000 0.5948577 1.0218584 0.8870539 1.2251601 0.7373041 0.8604496 1.1661607 
GCF_001870665-2-BG454_RS09765  1.3661057 1.7180382 1.4846127 1.5853223 0.5559298 0.5256619 0.5559302 0.5948577 0.0000000 1.1690144 1.0415430 1.0732762 0.7264729 0.8178061 1.3379035 
GCF_002208825-2-CEP68_RS17635  1.3930232 1.4068363 1.5949243 1.5796317 1.0559641 1.0520085 1.0151175 1.0218584 1.1690144 0.0000000 0.7151694 1.1551655 0.9995842 1.2262331 1.3136361 
GCF_001687365-1-ADU59_RS12685  1.1112793 1.0289781 1.0473800 0.9881878 0.8348243 0.9818033 0.8792373 0.8870539 1.0415430 0.7151694 0.0000000 0.8639977 0.8050182 0.8164450 1.0254675 
GCF_001870665-2-BG454_RS16400  0.8689722 1.3892729 1.4040332 1.2151614 1.1152153 1.1997962 1.2174523 1.2251601 1.0732762 1.1551655 0.8639977 0.0000000 0.6138320 1.1381375 1.2376251 
GCF_001687365-1-ADU59_RS19520  1.0814964 1.3053007 1.2162885 1.1942564 0.7590152 0.8722911 0.9206020 0.7373041 0.7264729 0.9995842 0.8050182 0.6138320 0.0000000 0.9429657 0.9598348 
GCF_000421265-1-K355_RS0119855 1.1576990 1.3384226 1.4020603 1.3417280 0.7357891 0.9002157 0.9272129 0.8604496 0.8178061 1.2262331 0.8164450 1.1381375 0.9429657 0.0000000 0.9458953 
GCF_000374005-1-B152_RS0108145 1.5081497 1.7928338 1.9721823 1.9717708 1.0491445 1.0593391 1.0780387 1.1661607 1.3379035 1.3136361 1.0254675 1.2376251 0.9598348 0.9458953 0.0000000 
