14
GCF_000423645-1-G568_RS0108480 0.0000000 0.3770216 0.3591843 1.1707268 1.2456088 1.1003790 1.2396017 1.5131923 1.3018476 0.9972422 1.3039514 1.2149966 1.2987475 1.6667904 
GCF_000169415-1-SSE37_RS08100  0.3770216 0.0000000 0.3621272 1.0237139 1.0461597 0.9363473 0.9647546 1.3110086 1.4630395 1.0165994 1.3133956 1.1279402 1.3585507 1.8425416 
GCF_900110775-1-BSF79_RS18365  0.3591843 0.3621272 0.0000000 1.3446429 1.3556772 1.1897553 1.3425068 1.4026537 1.4483931 0.9562017 1.1355360 1.1077899 1.2958920 1.8298387 
GCF_000423645-1-G568_RS0115095 1.1707268 1.0237139 1.3446429 0.0000000 0.2017026 0.3061704 0.3285858 0.5521297 1.0121579 0.8297117 1.0881704 0.7464869 0.7309702 1.0123585 
GCF_900110775-1-BSF79_RS15930  1.2456088 1.0461597 1.3556772 0.2017026 0.0000000 0.2487563 0.3028344 0.5213097 1.0078388 0.9756092 1.1666297 0.8561171 0.8899180 1.0229727 
GCF_000169415-1-SSE37_RS16260  1.1003790 0.9363473 1.1897553 0.3061704 0.2487563 0.0000000 0.3288028 0.5517187 0.9712386 0.8723487 1.1657139 0.8916173 0.9139992 1.0587005 
GCF_000442315-1-RUTHE_RS05685  1.2396017 0.9647546 1.3425068 0.3285858 0.3028344 0.3288028 0.0000000 0.5925004 0.9781330 0.8796666 1.1968611 0.7256356 0.8548384 1.1277134 
GCF_001870665-2-BG454_RS09765  1.5131923 1.3110086 1.4026537 0.5521297 0.5213097 0.5517187 0.5925004 0.0000000 1.0975302 1.0329845 1.0028728 0.6854724 0.8120022 1.2697997 
GCF_002208825-2-CEP68_RS17635  1.3018476 1.4630395 1.4483931 1.0121579 1.0078388 0.9712386 0.9781330 1.0975302 0.0000000 0.6688150 1.1041139 0.9618363 1.1787803 1.3272369 
GCF_001687365-1-ADU59_RS12685  0.9972422 1.0165994 0.9562017 0.8297117 0.9756092 0.8723487 0.8796666 1.0329845 0.6688150 0.0000000 0.8021502 0.7508649 0.7904363 1.0055903 
GCF_001870665-2-BG454_RS16400  1.3039514 1.3133956 1.1355360 1.0881704 1.1666297 1.1657139 1.1968611 1.0028728 1.1041139 0.8021502 0.0000000 0.6097887 1.0930462 1.1545122 
GCF_001687365-1-ADU59_RS19520  1.2149966 1.1279402 1.1077899 0.7464869 0.8561171 0.8916173 0.7256356 0.6854724 0.9618363 0.7508649 0.6097887 0.0000000 0.9402312 0.9060428 
GCF_000421265-1-K355_RS0119855 1.2987475 1.3585507 1.2958920 0.7309702 0.8899180 0.9139992 0.8548384 0.8120022 1.1787803 0.7904363 1.0930462 0.9402312 0.0000000 0.9343395 
GCF_000374005-1-B152_RS0108145 1.6667904 1.8425416 1.8298387 1.0123585 1.0229727 1.0587005 1.1277134 1.2697997 1.3272369 1.0055903 1.1545122 0.9060428 0.9343395 0.0000000 
