26
GCF_000021325-1-GDIA_RS09815   0.0000000 1.3890387 1.6175110 1.5924278 1.5181323 0.8961469 1.1605055 1.0300752 0.9228208 1.3482264 1.2395224 1.1693113 1.0178812 1.1327190 1.0463508 1.6407077 1.2914526 1.4102971 1.3245756 1.1367137 1.1699932 1.3833488 1.5996775 1.4132599 1.3903343 1.9986933 
GCF_000423645-1-G568_RS0108480 1.3890387 0.0000000 0.3689604 0.3496323 2.5237609 1.5678487 1.3034945 1.4629580 1.1840983 2.3282719 1.5275840 1.2387529 1.6144261 1.1301838 1.3921724 2.0255309 1.3854836 1.0392409 1.0875610 0.9968035 1.1038146 1.2980272 1.1324743 1.0964271 1.1711789 1.3696520 
GCF_000169415-1-SSE37_RS08100  1.6175110 0.3689604 0.0000000 0.3536753 2.3957003 1.3557125 1.4674183 1.4109977 1.2522829 2.2010000 1.5901360 1.4351146 1.5546414 1.4032105 1.2099377 2.2131693 1.5357311 0.9063635 0.9239921 0.8526498 0.8728022 1.1285436 1.1332556 1.0092952 1.1962180 1.4838760 
GCF_900110775-1-BSF79_RS18365  1.5924278 0.3496323 0.3536753 0.0000000 2.7241208 1.4138400 1.6147197 1.5603716 1.6232879 2.5425003 1.6408471 1.2774277 1.7770971 1.2561059 1.4889132 2.4834524 1.3213485 1.1670431 1.1592492 1.0353033 1.1901895 1.2048810 0.9775485 0.9963057 1.1462521 1.4785016 
GCF_000017565-1-PLAV_RS12075   1.5181323 2.5237609 2.3957003 2.7241208 0.0000000 1.9176024 1.9030209 1.6085055 1.3763276 1.3324632 1.9315749 1.3360509 1.2380556 1.6151755 1.7383649 1.7964956 1.4976466 1.7585399 1.5936136 1.4746326 1.4963587 1.8847923 2.6857382 1.4708200 2.0829904 2.6359061 
GCF_000017565-1-PLAV_RS12070   0.8961469 1.5678487 1.3557125 1.4138400 1.9176024 0.0000000 1.1873081 1.0176966 1.0709163 1.6498362 1.0337214 1.1732232 1.4720328 1.1122887 0.8332138 1.9364639 1.1107190 1.2565893 1.2888869 1.1797137 1.3158214 1.5558499 1.7509178 1.3065928 1.6685136 1.4675486 
GCF_000017565-1-PLAV_RS11965   1.1605055 1.3034945 1.4674183 1.6147197 1.9030209 1.1873081 0.0000000 1.1684130 1.1953366 1.4120343 1.3040012 1.5317914 1.2091534 0.6081595 1.1462056 1.5756127 1.1817273 1.4962591 1.6041635 1.6086456 1.6120644 1.6519837 2.0753611 1.9100961 1.8597907 2.0478181 
GCF_000017565-1-PLAV_RS11955   1.0300752 1.4629580 1.4109977 1.5603716 1.6085055 1.0176966 1.1684130 0.0000000 1.0132058 1.7214215 1.1027149 1.1494711 1.0079354 1.0659577 0.4856434 1.5349103 1.1734673 1.2605127 1.0868517 1.3103847 1.4020839 1.4784496 1.6274849 1.6139756 1.5680146 1.8862943 
GCF_000017565-1-PLAV_RS10335   0.9228208 1.1840983 1.2522829 1.6232879 1.3763276 1.0709163 1.1953366 1.0132058 0.0000000 1.3583269 1.0330976 0.7829712 1.0557889 1.1119649 0.9995637 1.3951613 0.9518374 0.9703591 1.0663317 0.9268376 1.0580444 1.3689979 1.3185193 1.1875047 1.3133966 1.2449196 
GCF_000017565-1-PLAV_RS05525   1.3482264 2.3282719 2.2010000 2.5425003 1.3324632 1.6498362 1.4120343 1.7214215 1.3583269 0.0000000 1.6271703 1.2979486 1.7188063 1.4617202 2.0459381 1.9321614 1.5163218 1.4416750 1.5531601 1.4648717 1.6547300 2.0460778 2.2324537 2.2490556 2.0994897 2.5762716 
GCF_001687365-1-ADU59_RS05750  1.2395224 1.5275840 1.5901360 1.6408471 1.9315749 1.0337214 1.3040012 1.1027149 1.0330976 1.6271703 0.0000000 1.0852143 1.2585580 0.9653162 0.9551863 1.6212599 1.5665538 1.5008925 1.6110390 1.4638818 1.3842604 1.7038570 1.8515444 1.6677313 2.3049856 2.4241785 
GCF_000385335-1-A3OQ_RS0103935 1.1693113 1.2387529 1.4351146 1.2774277 1.3360509 1.1732232 1.5317914 1.1494711 0.7829712 1.2979486 1.0852143 0.0000000 1.0284103 1.2282710 1.1481986 1.4646234 0.8836110 1.1711455 1.3040855 1.1165029 1.0590035 1.2244000 1.4786865 1.0939227 1.3245967 1.5953111 
GCF_900168195-1-B5Y19_RS10715  1.0178812 1.6144261 1.5546414 1.7770971 1.2380556 1.4720328 1.2091534 1.0079354 1.0557889 1.7188063 1.2585580 1.0284103 0.0000000 1.3072535 0.9967270 0.9713175 1.1191094 1.1460724 1.4402496 1.3855248 1.6194692 1.4580778 1.5176823 1.4203095 2.0727996 1.9283383 
GCF_900168195-1-B5Y19_RS10675  1.1327190 1.1301838 1.4032105 1.2561059 1.6151755 1.1122887 0.6081595 1.0659577 1.1119649 1.4617202 0.9653162 1.2282710 1.3072535 0.0000000 0.8142313 1.6842520 1.2282781 1.3185907 1.4605138 1.2059701 1.3550568 1.6829415 1.9636966 1.7560895 2.0787455 2.3863944 
GCF_900168195-1-B5Y19_RS10665  1.0463508 1.3921724 1.2099377 1.4889132 1.7383649 0.8332138 1.1462056 0.4856434 0.9995637 2.0459381 0.9551863 1.1481986 0.9967270 0.8142313 0.0000000 1.4674916 1.3423673 1.3230799 1.4656414 1.1685886 1.3311290 1.4897888 1.6137936 1.4299231 1.6922437 1.7397457 
GCF_000374005-1-B152_RS0109090 1.6407077 2.0255309 2.2131693 2.4834524 1.7964956 1.9364639 1.5756127 1.5349103 1.3951613 1.9321614 1.6212599 1.4646234 0.9713175 1.6842520 1.4674916 0.0000000 1.5953922 1.7537977 1.7157678 1.8506870 1.6504526 1.9799923 2.2884310 1.7031485 2.0581927 1.8956045 
GCF_002208825-2-CEP68_RS27755  1.2914526 1.3854836 1.5357311 1.3213485 1.4976466 1.1107190 1.1817273 1.1734673 0.9518374 1.5163218 1.5665538 0.8836110 1.1191094 1.2282781 1.3423673 1.5953922 0.0000000 1.1723393 1.2115620 1.1364648 1.0690652 1.2659848 1.4807235 1.2534277 1.4735419 1.5477310 
GCF_000423645-1-G568_RS0115095 1.4102971 1.0392409 0.9063635 1.1670431 1.7585399 1.2565893 1.4962591 1.2605127 0.9703591 1.4416750 1.5008925 1.1711455 1.1460724 1.3185907 1.3230799 1.7537977 1.1723393 0.0000000 0.1990110 0.2993496 0.3237814 0.5265832 0.9861362 0.7064215 0.6869353 0.9048803 
GCF_900110775-1-BSF79_RS15930  1.3245756 1.0875610 0.9239921 1.1592492 1.5936136 1.2888869 1.6041635 1.0868517 1.0663317 1.5531601 1.6110390 1.3040855 1.4402496 1.4605138 1.4656414 1.7157678 1.2115620 0.1990110 0.0000000 0.2434522 0.2974504 0.4947406 1.0300059 0.8006579 0.8104745 0.9282024 
GCF_000169415-1-SSE37_RS16260  1.1367137 0.9968035 0.8526498 1.0353033 1.4746326 1.1797137 1.6086456 1.3103847 0.9268376 1.4648717 1.4638818 1.1165029 1.3855248 1.2059701 1.1685886 1.8506870 1.1364648 0.2993496 0.2434522 0.0000000 0.3229660 0.5242725 1.0403924 0.8476227 0.8292790 0.9596814 
GCF_000442315-1-RUTHE_RS05685  1.1699932 1.1038146 0.8728022 1.1901895 1.4963587 1.3158214 1.6120644 1.4020839 1.0580444 1.6547300 1.3842604 1.0590035 1.6194692 1.3550568 1.3311290 1.6504526 1.0690652 0.3237814 0.2974504 0.3229660 0.0000000 0.5724701 1.0786606 0.6912900 0.7974667 1.0199471 
GCF_001870665-2-BG454_RS09765  1.3833488 1.2980272 1.1285436 1.2048810 1.8847923 1.5558499 1.6519837 1.4784496 1.3689979 2.0460778 1.7038570 1.2244000 1.4580778 1.6829415 1.4897888 1.9799923 1.2659848 0.5265832 0.4947406 0.5242725 0.5724701 0.0000000 0.9070212 0.6533663 0.7619266 1.1087218 
GCF_001870665-2-BG454_RS16400  1.5996775 1.1324743 1.1332556 0.9775485 2.6857382 1.7509178 2.0753611 1.6274849 1.3185193 2.2324537 1.8515444 1.4786865 1.5176823 1.9636966 1.6137936 2.2884310 1.4807235 0.9861362 1.0300059 1.0403924 1.0786606 0.9070212 0.0000000 0.5769571 1.0066715 1.0081821 
GCF_001687365-1-ADU59_RS19520  1.4132599 1.0964271 1.0092952 0.9963057 1.4708200 1.3065928 1.9100961 1.6139756 1.1875047 2.2490556 1.6677313 1.0939227 1.4203095 1.7560895 1.4299231 1.7031485 1.2534277 0.7064215 0.8006579 0.8476227 0.6912900 0.6533663 0.5769571 0.0000000 0.8839968 0.8285339 
GCF_000421265-1-K355_RS0119855 1.3903343 1.1711789 1.1962180 1.1462521 2.0829904 1.6685136 1.8597907 1.5680146 1.3133966 2.0994897 2.3049856 1.3245967 2.0727996 2.0787455 1.6922437 2.0581927 1.4735419 0.6869353 0.8104745 0.8292790 0.7974667 0.7619266 1.0066715 0.8839968 0.0000000 0.8214005 
GCF_000374005-1-B152_RS0108145 1.9986933 1.3696520 1.4838760 1.4785016 2.6359061 1.4675486 2.0478181 1.8862943 1.2449196 2.5762716 2.4241785 1.5953111 1.9283383 2.3863944 1.7397457 1.8956045 1.5477310 0.9048803 0.9282024 0.9596814 1.0199471 1.1087218 1.0081821 0.8285339 0.8214005 0.0000000 
