22
GCF_000021325-1-GDIA_RS09815   0.0000000 1.4668394 1.7130083 1.6837462 1.5953001 0.9482038 1.0754695 1.1092380 0.9615575 1.3926088 1.1894827 1.2146641 1.0142521 1.0569843 1.1320853 1.6651360 1.3510177 1.4388652 1.3634643 1.1805271 1.2083612 1.4687856 
GCF_000423645-1-G568_RS0108480 1.4668394 0.0000000 0.3663870 0.3470534 2.4641160 1.5986402 1.3534000 1.5275960 1.1978667 2.2748438 1.5150132 1.2454644 1.6661128 1.1593614 1.4542744 2.0719124 1.4323023 1.0408980 1.0742690 1.0066893 1.0913266 1.3745945 
GCF_000169415-1-SSE37_RS08100  1.7130083 0.3663870 0.0000000 0.3509271 2.3378964 1.3832091 1.5267688 1.4766982 1.2638614 2.1529921 1.5786128 1.4417907 1.6070368 1.4406140 1.2655914 2.2658300 1.5918333 0.9108071 0.9150171 0.8625774 0.8665053 1.1961459 
GCF_900110775-1-BSF79_RS18365  1.6837462 0.3470534 0.3509271 0.0000000 2.6578899 1.4449723 1.6766520 1.6327156 1.6338504 2.4779215 1.6182042 1.2823997 1.8375397 1.2862181 1.5584347 2.5423556 1.3656098 1.1679311 1.1449411 1.0466354 1.1768344 1.2779314 
GCF_000017565-1-PLAV_RS12075   1.5953001 2.4641160 2.3378964 2.6578899 0.0000000 1.9503426 1.8945107 1.6139274 1.3400714 1.2986179 1.9296001 1.2938731 1.1590017 1.6773267 1.7165552 1.8320475 1.5342298 1.6991702 1.5386933 1.4276426 1.4518352 1.8142096 
GCF_000017565-1-PLAV_RS12070   0.9482038 1.5986402 1.3832091 1.4449723 1.9503426 0.0000000 1.1897055 0.9948805 1.0375958 1.7056450 1.0160639 1.1756586 1.4248749 1.1290393 0.8167456 1.9547780 1.1500823 1.2655852 1.2957035 1.1708263 1.3247366 1.6255484 
GCF_000017565-1-PLAV_RS11965   1.0754695 1.3534000 1.5267688 1.6766520 1.8945107 1.1897055 0.0000000 1.2078950 1.2154606 1.2955135 1.2668145 1.4859312 1.3252328 0.6004484 1.2446091 1.6181406 1.2267114 1.4460572 1.5721735 1.5514723 1.5838104 1.7701932 
GCF_000017565-1-PLAV_RS11955   1.1092380 1.5275960 1.4766982 1.6327156 1.6139274 0.9948805 1.2078950 0.0000000 1.0531632 1.6965483 1.0668176 1.1490079 0.9871883 1.1098014 0.4816294 1.5294071 1.1912765 1.2467972 1.0867489 1.2735191 1.4027871 1.4420426 
GCF_000017565-1-PLAV_RS10335   0.9615575 1.1978667 1.2638614 1.6338504 1.3400714 1.0375958 1.2154606 1.0531632 0.0000000 1.3211182 0.9771971 0.7663471 1.1099545 1.1350130 1.0102582 1.3829000 0.9723025 0.9522157 1.0444171 0.9100400 1.0379012 1.3342142 
GCF_000017565-1-PLAV_RS05525   1.3926088 2.2748438 2.1529921 2.4779215 1.2986179 1.7056450 1.2955135 1.6965483 1.3211182 0.0000000 1.5843422 1.2625244 1.6900742 1.4770578 1.9535247 2.0466561 1.5316815 1.3942623 1.4991290 1.4193039 1.5982839 1.9735508 
GCF_001687365-1-ADU59_RS05750  1.1894827 1.5150132 1.5786128 1.6182042 1.9296001 1.0160639 1.2668145 1.0668176 0.9771971 1.5843422 0.0000000 1.0794712 1.2066223 0.9453139 0.9954939 1.6022494 1.5556190 1.4597827 1.5393355 1.4438752 1.3320612 1.6807491 
GCF_000385335-1-A3OQ_RS0103935 1.2146641 1.2454644 1.4417907 1.2823997 1.2938731 1.1756586 1.4859312 1.1490079 0.7663471 1.2625244 1.0794712 0.0000000 1.0234403 1.2416633 1.1321329 1.4875568 0.9020646 1.1388614 1.2676669 1.0877390 1.0343047 1.1951584 
GCF_900168195-1-B5Y19_RS10715  1.0142521 1.6661128 1.6070368 1.8375397 1.1590017 1.4248749 1.3252328 0.9871883 1.1099545 1.6900742 1.2066223 1.0234403 0.0000000 1.3563869 0.9749414 0.9943060 1.1777115 1.1452481 1.4148767 1.3707997 1.5912058 1.4764192 
GCF_900168195-1-B5Y19_RS10675  1.0569843 1.1593614 1.4406140 1.2862181 1.6773267 1.1290393 0.6004484 1.1098014 1.1350130 1.4770578 0.9453139 1.2416633 1.3563869 0.0000000 0.9486535 1.6944870 1.2455327 1.2849032 1.3867183 1.2026607 1.2909748 1.7802025 
GCF_900168195-1-B5Y19_RS10665  1.1320853 1.4542744 1.2655914 1.5584347 1.7165552 0.8167456 1.2446091 0.4816294 1.0102582 1.9535247 0.9954939 1.1321329 0.9749414 0.9486535 0.0000000 1.5022135 1.3950941 1.2864847 1.4101405 1.1178672 1.2893530 1.5311862 
GCF_000374005-1-B152_RS0109090 1.6651360 2.0719124 2.2658300 2.5423556 1.8320475 1.9547780 1.6181406 1.5294071 1.3829000 2.0466561 1.6022494 1.4875568 0.9943060 1.6944870 1.5022135 0.0000000 1.5448744 1.8271523 1.7876907 1.8805083 1.7275144 1.9768015 
GCF_002208825-2-CEP68_RS27755  1.3510177 1.4323023 1.5918333 1.3656098 1.5342298 1.1500823 1.2267114 1.1912765 0.9723025 1.5316815 1.5556190 0.9020646 1.1777115 1.2455327 1.3950941 1.5448744 0.0000000 1.1846107 1.2220101 1.1467687 1.0819624 1.2914258 
GCF_000423645.1-G568_RS0115095 1.4388652 1.0408980 0.9108071 1.1679311 1.6991702 1.2655852 1.4460572 1.2467972 0.9522157 1.3942623 1.4597827 1.1388614 1.1452481 1.2849032 1.2864847 1.8271523 1.1846107 0.0000000 0.1980600 0.2967377 0.3215570 0.5197004 
GCF_900110775.1-BSF79_RS15930  1.3634643 1.0742690 0.9150171 1.1449411 1.5386933 1.2957035 1.5721735 1.0867489 1.0444171 1.4991290 1.5393355 1.2676669 1.4148767 1.3867183 1.4101405 1.7876907 1.2220101 0.1980600 0.0000000 0.2417449 0.2953090 0.4874177 
GCF_000169415.1-SSE37_RS16260  1.1805271 1.0066893 0.8625774 1.0466354 1.4276426 1.1708263 1.5514723 1.2735191 0.9100400 1.4193039 1.4438752 1.0877390 1.3707997 1.2026607 1.1178672 1.8805083 1.1467687 0.2967377 0.2417449 0.0000000 0.3203406 0.5171086 
GCF_000442315.1-RUTHE_RS05685  1.2083612 1.0913266 0.8665053 1.1768344 1.4518352 1.3247366 1.5838104 1.4027871 1.0379012 1.5982839 1.3320612 1.0343047 1.5912058 1.2909748 1.2893530 1.7275144 1.0819624 0.3215570 0.2953090 0.3203406 0.0000000 0.5647989 
GCF_001870665.2-BG454_RS09765  1.4687856 1.3745945 1.1961459 1.2779314 1.8142096 1.6255484 1.7701932 1.4420426 1.3342142 1.9735508 1.6807491 1.1951584 1.4764192 1.7802025 1.5311862 1.9768015 1.2914258 0.5197004 0.4874177 0.5171086 0.5647989 0.0000000 
