24
GCF_000421265.1-K355_RS0117460 0.0000000 1.7110701 2.3879237 1.9641060 2.1224186 1.8096596 1.1445037 2.3420529 1.9979184 1.5521560 1.1804681 3.0044711 1.7400961 1.5366284 1.4272072 1.1196926 1.2879121 1.2349884 1.2627251 1.2167276 0.8224424 1.0586863 1.0346200 1.1939590 
GCF_000021325-1-GDIA_RS09815   1.7110701 0.0000000 1.5493540 0.9040355 1.1041112 1.0499054 0.9386370 1.3804721 1.2638849 1.1944695 1.0380595 1.1295865 1.0716198 1.6792558 1.3181334 1.4412101 1.3559137 1.1579953 1.1900045 1.4128419 1.7538307 1.5352184 1.4165860 2.0487660 
GCF_000017565-1-PLAV_RS12075   2.3879237 1.5493540 0.0000000 1.9654992 1.9655933 1.6448795 1.4042655 1.3551314 1.9691473 1.3722356 1.2589348 1.6497307 1.7817631 1.8384644 1.5334304 1.8034315 1.6313476 1.5086339 1.5238927 1.9427396 2.9842935 1.5869972 2.1516955 2.7098686 
GCF_000017565-1-PLAV_RS12070   1.9641060 0.9040355 1.9654992 0.0000000 1.2112956 1.0302113 1.0915882 1.6782791 1.0548898 1.1918731 1.5094586 1.1385291 0.8476432 1.9990565 1.1297863 1.2770723 1.3054430 1.1943141 1.3360222 1.5829761 1.9505727 1.4343102 1.7035150 1.4975307 
GCF_000017565-1-PLAV_RS11965   2.1224186 1.1041112 1.9655933 1.2112956 0.0000000 1.1876139 1.2183434 1.4363089 1.3295737 1.5706127 1.2277966 0.6170029 1.1719043 1.6094216 1.1978336 1.5296131 1.6383445 1.6385331 1.6567924 1.6924818 2.2458423 2.0849959 1.9032192 2.1157255 
GCF_000017565-1-PLAV_RS11955   1.8096596 1.0499054 1.6448795 1.0302113 1.1876139 0.0000000 1.0316701 1.7644965 1.1163494 1.1692629 1.0260303 1.0849884 0.4905448 1.5745747 1.1954719 1.2850379 1.1062505 1.3356638 1.4332621 1.5192574 1.7387613 1.7105840 1.6054574 1.9272443 
GCF_000017565-1-PLAV_RS10335   1.1445037 0.9386370 1.4042655 1.0915882 1.2183434 1.0316701 0.0000000 1.3885682 1.0494500 0.7967218 1.0750623 1.1344785 1.0209444 1.4333179 0.9704089 0.9858003 1.0821703 0.9453353 1.0768958 1.4085731 1.3851436 1.2521822 1.3492163 1.2735272 
GCF_000017565-1-PLAV_RS05525   2.3420529 1.3804721 1.3551314 1.6782791 1.4363089 1.7644965 1.3885682 0.0000000 1.6631649 1.3262750 1.7575504 1.4953805 2.1085620 1.9861634 1.5560589 1.4703516 1.5890670 1.5001538 1.6889162 2.1068634 2.3988674 2.4100343 2.1584468 2.6558263 
GCF_001687365-1-ADU59_RS05750  1.9979184 1.2638849 1.9691473 1.0548898 1.3295737 1.1163494 1.0494500 1.6631649 0.0000000 1.1012266 1.2850631 0.9785744 0.9697209 1.6568677 1.5955747 1.5204993 1.6307049 1.4836042 1.4084049 1.7417422 1.8727111 1.6791470 2.3541920 2.4870536 
GCF_000385335-1-A3OQ_RS0103935 1.5521560 1.1944695 1.3722356 1.1918731 1.5706127 1.1692629 0.7967218 1.3262750 1.1012266 0.0000000 1.0487842 1.2545269 1.1674306 1.5033767 0.8952148 1.1948819 1.3303851 1.1403481 1.0807383 1.2504011 1.5652222 1.1504590 1.3552826 1.6258124 
GCF_900168195-1-B5Y19_RS10715  1.1804681 1.0380595 1.2589348 1.5094586 1.2277966 1.0260303 1.0750623 1.7575504 1.2850631 1.0487842 0.0000000 1.3312980 1.0146435 0.9867574 1.1343234 1.1678812 1.4649046 1.4199659 1.6631084 1.4904536 1.5796184 1.4769211 2.1051113 1.9617456 
GCF_900168195-1-B5Y19_RS10675  3.0044711 1.1295865 1.6497307 1.1385291 0.6170029 1.0849884 1.1344785 1.4953805 0.9785744 1.2545269 1.3312980 0.0000000 0.8286825 1.7329051 1.2629034 1.3438679 1.4925161 1.2334416 1.3897964 1.7321747 2.0383579 1.8215364 2.1298759 2.4726095 
GCF_900168195-1-B5Y19_RS10665  1.7400961 1.0716198 1.7817631 0.8476432 1.1719043 0.4905448 1.0209444 2.1085620 0.9697209 1.1674306 1.0146435 0.8286825 0.0000000 1.4974102 1.3758989 1.3471820 1.4951891 1.1942459 1.3588400 1.5295924 1.7634416 1.5524150 1.7312694 1.7724721 
GCF_000374005-1-B152_RS0109090 1.5366284 1.6792558 1.8384644 1.9990565 1.6094216 1.5745747 1.4333179 1.9861634 1.6568677 1.5033767 0.9867574 1.7329051 1.4974102 0.0000000 1.6322985 1.8034572 1.7648949 1.9117100 1.7005878 2.0350986 2.4503489 1.8012762 2.1223655 1.9378662 
GCF_002208825-2-CEP68_RS27755  1.4272072 1.3181334 1.5334304 1.1297863 1.1978336 1.1954719 0.9704089 1.5560589 1.5955747 0.8952148 1.1343234 1.2629034 1.3758989 1.6322985 0.0000000 1.1996972 1.2397847 1.1614203 1.0948269 1.3004821 1.5725144 1.3276269 1.5058017 1.5837570 
GCF_000423645-1-G568_RS0115095 1.1196926 1.4412101 1.8034315 1.2770723 1.5296131 1.2850379 0.9858003 1.4703516 1.5204993 1.1948819 1.1678812 1.3438679 1.3471820 1.8034572 1.1996972 0.0000000 0.1995847 0.3020039 0.3255644 0.5329518 1.0282007 0.7318189 0.6963409 0.9167591 
GCF_900110775-1-BSF79_RS15930  1.2879121 1.3559137 1.6313476 1.3054430 1.6383445 1.1062505 1.0821703 1.5890670 1.6307049 1.3303851 1.4649046 1.4925161 1.4951891 1.7648949 1.2397847 0.1995847 0.0000000 0.2457207 0.2997049 0.5006993 1.0705499 0.8272896 0.8228833 0.9399106 
GCF_000169415-1-SSE37_RS16260  1.2349884 1.1579953 1.5086339 1.1943141 1.6385331 1.3356638 0.9453353 1.5001538 1.4836042 1.1403481 1.4199659 1.2334416 1.1942459 1.9117100 1.1614203 0.3020039 0.2457207 0.0000000 0.3256535 0.5308075 1.0827814 0.8767765 0.8465212 0.9735226 
GCF_000442315-1-RUTHE_RS05685  1.2627251 1.1900045 1.5238927 1.3360222 1.6567924 1.4332621 1.0768958 1.6889162 1.4084049 1.0807383 1.6631084 1.3897964 1.3588400 1.7005878 1.0948269 0.3255644 0.2997049 0.3256535 0.0000000 0.5766844 1.1217371 0.7151515 0.8066467 1.0357152 
GCF_001870665-2-BG454_RS09765  1.2167276 1.4128419 1.9427396 1.5829761 1.6924818 1.5192574 1.4085731 2.1068634 1.7417422 1.2504011 1.4904536 1.7321747 1.5295924 2.0350986 1.3004821 0.5329518 0.5006993 0.5308075 0.5766844 0.0000000 0.9801382 0.7030958 0.7725864 1.1268635 
GCF_001870665-2-BG454_RS16400  0.8224424 1.7538307 2.9842935 1.9505727 2.2458423 1.7387613 1.3851436 2.3988674 1.8727111 1.5652222 1.5796184 2.0383579 1.7634416 2.4503489 1.5725144 1.0282007 1.0705499 1.0827814 1.1217371 0.9801382 0.0000000 0.5837172 1.0236008 1.0736509 
GCF_001687365-1-ADU59_RS19520  1.0586863 1.5352184 1.5869972 1.4343102 2.0849959 1.7105840 1.2521822 2.4100343 1.6791470 1.1504590 1.4769211 1.8215364 1.5524150 1.8012762 1.3276269 0.7318189 0.8272896 0.8767765 0.7151515 0.7030958 0.5837172 0.0000000 0.8950130 0.8760267 
GCF_000421265-1-K355_RS0119855 1.0346200 1.4165860 2.1516955 1.7035150 1.9032192 1.6054574 1.3492163 2.1584468 2.3541920 1.3552826 2.1051113 2.1298759 1.7312694 2.1223655 1.5058017 0.6963409 0.8228833 0.8465212 0.8066467 0.7725864 1.0236008 0.8950130 0.0000000 0.8352043 
GCF_000374005-1-B152_RS0108145 1.1939590 2.0487660 2.7098686 1.4975307 2.1157255 1.9272443 1.2735272 2.6558263 2.4870536 1.6258124 1.9617456 2.4726095 1.7724721 1.9378662 1.5837570 0.9167591 0.9399106 0.9735226 1.0357152 1.1268635 1.0736509 0.8760267 0.8352043 0.0000000 
