22
GCF_000421265.1-K355_RS0117460 0.0000000 1.5586735 2.2322475 1.8718906 1.9815974 1.7182648 1.0978774 2.3524386 1.8312382 1.5378696 1.1436466 2.7435665 1.6603096 1.4945114 1.3781322 1.0720071 1.2249920 1.1526875 1.2075926 1.1572743 1.2010822 0.9486864 
GCF_000021325-1-GDIA_RS09815   1.5586735 0.0000000 1.5397520 0.8632461 1.0310586 1.0145934 0.8989505 1.3378392 1.1557520 1.1555859 0.9556405 1.0264634 1.0524111 1.6363748 1.2392384 1.3691202 1.3041977 1.1216518 1.1508350 1.3581671 1.5002550 1.2317397 
GCF_000017565-1-PLAV_RS12075   2.2322475 1.5397520 0.0000000 1.8815155 1.8499358 1.5966225 1.3442895 1.3063384 1.8833109 1.3093129 1.1668576 1.5694400 1.7002215 1.8036289 1.5064949 1.7057017 1.5465654 1.4381434 1.4555282 1.8387004 1.7924881 1.8754487 
GCF_000017565-1-PLAV_RS12070   1.8718906 0.8632461 1.8815155 0.0000000 1.1064444 0.9978324 1.0075591 1.6309329 1.0313607 1.1530425 1.4340712 1.0803085 0.8237067 1.8989305 1.0803999 1.2231636 1.2432688 1.1427568 1.2707290 1.5178731 1.4208290 1.4565763 
GCF_000017565-1-PLAV_RS11965   1.9815974 1.0310586 1.8499358 1.1064444 0.0000000 1.1543475 1.1820455 1.2562203 1.3179929 1.4763304 1.2326980 0.6051481 1.1878100 1.5389004 1.1431058 1.3910757 1.5080138 1.5215281 1.5312363 1.6500340 1.7949212 1.4803105 
GCF_000017565-1-PLAV_RS11955   1.7182648 1.0145934 1.5966225 0.9978324 1.1543475 0.0000000 1.0457122 1.6854316 1.0657667 1.1418559 0.9955849 1.0290766 0.4836800 1.4979928 1.1633319 1.2417535 1.0840502 1.2654440 1.3956158 1.4406411 1.1812159 1.4422435 
GCF_000017565-1-PLAV_RS10335   1.0978774 0.8989505 1.3442895 1.0075591 1.1820455 1.0457122 0.0000000 1.3342131 1.0065135 0.7750189 1.0518754 1.0775141 0.9912067 1.3984734 0.9602885 0.9578783 1.0485209 0.9170735 1.0440431 1.3504447 1.5417615 1.2523115 
GCF_000017565-1-PLAV_RS05525   2.3524386 1.3378392 1.3063384 1.6309329 1.2562203 1.6854316 1.3342131 0.0000000 1.5631646 1.2718775 1.6807604 1.3774107 1.9278332 1.8769793 1.5364394 1.3983753 1.5049586 1.4239779 1.6042776 1.9984331 1.8502969 1.8294551 
GCF_001687365-1-ADU59_RS05750  1.8312382 1.1557520 1.8833109 1.0313607 1.3179929 1.0657667 1.0065135 1.5631646 0.0000000 1.0868660 1.2378925 1.0003139 0.9794891 1.5865102 1.5423303 1.4616601 1.5349968 1.4390935 1.3382351 1.7135745 1.9042102 1.2954304 
GCF_000385335-1-A3OQ_RS0103935 1.5378696 1.1555859 1.3093129 1.1530425 1.4763304 1.1418559 0.7750189 1.2718775 1.0868660 0.0000000 1.0281765 1.2408863 1.1355412 1.4122471 0.8898815 1.1522325 1.2778671 1.0979565 1.0454889 1.2066142 1.0635036 0.9673132 
GCF_900168195-1-B5Y19_RS10715  1.1436466 0.9556405 1.1668576 1.4340712 1.2326980 0.9955849 1.0518754 1.6807604 1.2378925 1.0281765 0.0000000 1.2566564 0.9795491 0.9717155 1.0995323 1.1526427 1.4137224 1.3712188 1.5978431 1.4247277 1.0292328 1.0994516 
GCF_900168195-1-B5Y19_RS10675  2.7435665 1.0264634 1.5694400 1.0803085 0.6051481 1.0290766 1.0775141 1.3774107 1.0003139 1.2408863 1.2566564 0.0000000 0.8624162 1.6538960 1.2289996 1.2486545 1.3479655 1.1997346 1.2632967 1.6835698 1.3962148 1.2826999 
GCF_900168195-1-B5Y19_RS10665  1.6603096 1.0524111 1.7002215 0.8237067 1.1878100 0.4836800 0.9912067 1.9278332 0.9794891 1.1355412 0.9795491 0.8624162 0.0000000 1.4243155 1.3427669 1.2744181 1.3949684 1.1298829 1.2783237 1.4992750 1.2730563 1.0783285 
GCF_000374005-1-B152_RS0109090 1.4945114 1.6363748 1.8036289 1.8989305 1.5389004 1.4979928 1.3984734 1.8769793 1.5865102 1.4122471 0.9717155 1.6538960 1.4243155 0.0000000 1.6039291 1.6612583 1.6335855 1.7399889 1.6215159 1.9208741 1.9925329 1.6157600 
GCF_002208825-2-CEP68_RS27755  1.3781322 1.2392384 1.5064949 1.0803999 1.1431058 1.1633319 0.9602885 1.5364394 1.5423303 0.8898815 1.0995323 1.2289996 1.3427669 1.6039291 0.0000000 1.1775614 1.2111894 1.1211544 1.0748677 1.2344203 1.0650962 0.9776096 
GCF_000423645-1-G568_RS0115095 1.0720071 1.3691202 1.7057017 1.2231636 1.3910757 1.2417535 0.9578783 1.3983753 1.4616601 1.1522325 1.1526427 1.2486545 1.2744181 1.6612583 1.1775614 0.0000000 0.1985001 0.2983658 0.3222698 0.5239788 0.9308097 0.7786062 
GCF_900110775-1-BSF79_RS15930  1.2249920 1.3041977 1.5465654 1.2432688 1.5080138 1.0840502 1.0485209 1.5049586 1.5349968 1.2778671 1.4137224 1.3479655 1.3949684 1.6335855 1.2111894 0.1985001 0.0000000 0.2432357 0.2965088 0.4920435 0.9266394 0.8984691 
GCF_000169415-1-SSE37_RS16260  1.1526875 1.1216518 1.4381434 1.1427568 1.5215281 1.2654440 0.9170735 1.4239779 1.4390935 1.0979565 1.3712188 1.1997346 1.1298829 1.7399889 1.1211544 0.2983658 0.2432357 0.0000000 0.3215892 0.5214884 0.8871400 0.8068314 
GCF_000442315-1-RUTHE_RS05685  1.2075926 1.1508350 1.4555282 1.2707290 1.5312363 1.3956158 1.0440431 1.6042776 1.3382351 1.0454889 1.5978431 1.2632967 1.2783237 1.6215159 1.0748677 0.3222698 0.2965088 0.3215892 0.0000000 0.5662023 0.8964818 0.8181938 
GCF_001870665-2-BG454_RS09765  1.1572743 1.3581671 1.8387004 1.5178731 1.6500340 1.4406411 1.3504447 1.9984331 1.7135745 1.2066142 1.4247277 1.6835698 1.4992750 1.9208741 1.2344203 0.5239788 0.4920435 0.5214884 0.5662023 0.0000000 0.9979833 0.9420055 
GCF_002208825-2-CEP68_RS17635  1.2010822 1.5002550 1.7924881 1.4208290 1.7949212 1.1812159 1.5417615 1.8502969 1.9042102 1.0635036 1.0292328 1.3962148 1.2730563 1.9925329 1.0650962 0.9308097 0.9266394 0.8871400 0.8964818 0.9979833 0.0000000 0.6439275 
GCF_001687365-1-ADU59_RS12685  0.9486864 1.2317397 1.8754487 1.4565763 1.4803105 1.4422435 1.2523115 1.8294551 1.2954304 0.9673132 1.0994516 1.2826999 1.0783285 1.6157600 0.9776096 0.7786062 0.8984691 0.8068314 0.8181938 0.9420055 0.6439275 0.0000000 
