19
GCF_000021325-1-GDIA_RS09815   0.0000000 1.2470975 1.4363523 1.4487832 1.4148844 0.8504993 1.0131628 0.9977629 0.8833669 1.2880803 1.2067632 1.1669661 1.1093485 0.9604995 1.0613372 1.0211434 1.5364619 1.2340321 1.5520273 
GCF_000423645-1-G568_RS0108480 1.2470975 0.0000000 0.3629128 0.3448993 2.1974368 1.3932191 1.2488005 1.3559613 1.0944477 2.1431776 0.8426192 1.3871251 1.1092588 1.5230865 1.0673915 1.3136499 1.8086788 1.2664675 1.1067583 
GCF_000169415-1-SSE37_RS08100  1.4363523 0.3629128 0.0000000 0.3489135 2.0951558 1.2183832 1.3871380 1.3116970 1.1517723 2.0413112 0.8501250 1.4496397 1.2720309 1.4675386 1.3048576 1.1507067 1.9644250 1.3445952 1.2038752 
GCF_900110775-1-BSF79_RS18365  1.4487832 0.3448993 0.3489135 0.0000000 2.3255714 1.3369466 1.5449016 1.4208038 1.4529330 2.2574576 0.8152115 1.5502902 1.1023146 1.7125029 1.2285334 1.3535694 2.2352128 1.2137748 1.1953808 
GCF_000017565-1-PLAV_RS12075   1.4148844 2.1974368 2.0951558 2.3255714 0.0000000 1.7763827 1.7476476 1.5337954 1.2850913 1.2582617 1.7919469 1.7376255 1.2553842 1.1591183 1.4787494 1.6112059 1.6876276 1.4330280 1.7436340 
GCF_000017565-1-PLAV_RS12070   0.8504993 1.3932191 1.2183832 1.3369466 1.7763827 0.0000000 1.1306942 0.9726423 0.9921186 1.5975015 1.3927798 0.9853440 1.1337637 1.3847859 1.0649127 0.8069433 1.7784427 1.0950172 1.4318863 
GCF_000017565-1-PLAV_RS11965   1.0131628 1.2488005 1.3871380 1.5449016 1.7476476 1.1306942 0.0000000 1.0991301 1.1396930 1.2710621 1.3904187 1.2194214 1.4665112 1.1455753 0.5914171 1.0875025 1.4652747 1.0783892 1.6399851 
GCF_000017565-1-PLAV_RS11955   0.9977629 1.3559613 1.3116970 1.4208038 1.5337954 0.9726423 1.0991301 0.0000000 0.9891659 1.5645040 1.3706352 1.0442333 1.0743246 0.9589329 1.0083157 0.4733562 1.4307691 1.1133651 1.1162842 
GCF_000017565-1-PLAV_RS10335   0.8833669 1.0944477 1.1517723 1.4529330 1.2850913 0.9921186 1.1396930 0.9891659 0.0000000 1.2787291 1.1888386 0.9687430 0.7586560 1.0020351 1.0507581 0.9495941 1.3008206 0.9266676 1.4457783 
GCF_000017565-1-PLAV_RS05525   1.2880803 2.1431776 2.0413112 2.2574576 1.2582617 1.5975015 1.2710621 1.5645040 1.2787291 0.0000000 1.7333297 1.5185992 1.2210835 1.6000204 1.3304024 1.8312563 1.8312388 1.4440437 1.7485766 
GCF_001687365-1-ADU59_RS12685  1.2067632 0.8426192 0.8501250 0.8152115 1.7919469 1.3927798 1.3904187 1.3706352 1.1888386 1.7333297 0.0000000 1.2642069 0.9364703 1.0667064 1.2153821 1.0560033 1.5536549 0.9540491 0.6471040 
GCF_001687365-1-ADU59_RS05750  1.1669661 1.3871251 1.4496397 1.5502902 1.7376255 0.9853440 1.2194214 1.0442333 0.9687430 1.5185992 1.2642069 0.0000000 1.0546838 1.1791548 0.9254022 0.9168539 1.5097660 1.4102292 1.8039074 
GCF_000385335-1-A3OQ_RS0103935 1.1093485 1.1092588 1.2720309 1.1023146 1.2553842 1.1337637 1.4665112 1.0743246 0.7586560 1.2210835 0.9364703 1.0546838 0.0000000 0.9904374 1.1903131 1.0964938 1.3750268 0.8844919 1.0248702 
GCF_900168195-1-B5Y19_RS10715  0.9604995 1.5230865 1.4675386 1.7125029 1.1591183 1.3847859 1.1455753 0.9589329 1.0020351 1.6000204 1.0667064 1.1791548 0.9904374 0.0000000 1.2393818 0.9546527 0.9222986 1.0564183 0.9894390 
GCF_900168195-1-B5Y19_RS10675  1.0613372 1.0673915 1.3048576 1.2285334 1.4787494 1.0649127 0.5914171 1.0083157 1.0507581 1.3304024 1.2153821 0.9254022 1.1903131 1.2393818 0.0000000 0.7845223 1.5717879 1.1156019 1.3244129 
GCF_900168195-1-B5Y19_RS10665  1.0211434 1.3136499 1.1507067 1.3535694 1.6112059 0.8069433 1.0875025 0.4733562 0.9495941 1.8312563 1.0560033 0.9168539 1.0964938 0.9546527 0.7845223 0.0000000 1.3856408 1.2671783 1.1980897 
GCF_000374005-1-B152_RS0109090 1.5364619 1.8086788 1.9644250 2.2352128 1.6876276 1.7784427 1.4652747 1.4307691 1.3008206 1.8312388 1.5536549 1.5097660 1.3750268 0.9222986 1.5717879 1.3856408 0.0000000 1.4836325 1.8681200 
GCF_002208825-2-CEP68_RS27755  1.2340321 1.2664675 1.3445952 1.2137748 1.4330280 1.0950172 1.0783892 1.1133651 0.9266676 1.4440437 0.9540491 1.4102292 0.8844919 1.0564183 1.1156019 1.2671783 1.4836325 0.0000000 1.0308600 
GCF_002208825-2-CEP68_RS17635  1.5520273 1.1067583 1.2038752 1.1953808 1.7436340 1.4318863 1.6399851 1.1162842 1.4457783 1.7485766 0.6471040 1.8039074 1.0248702 0.9894390 1.3244129 1.1980897 1.8681200 1.0308600 0.0000000 
