21
GCF_000021325-1-GDIA_RS09815   0.0000000 1.3043878 1.5088533 1.4840849 1.5070598 0.8924857 1.1038681 1.0187516 0.9328052 1.3441358 1.1643746 1.1695882 0.9513203 1.0776884 1.0389394 1.5442621 1.2225948 1.4702265 1.3122621 1.3114313 1.8368026 
GCF_000423645-1-G568_RS0108480 1.3043878 0.0000000 0.3621295 0.3437854 2.3597655 1.4710294 1.2332305 1.3620809 1.1303549 2.2580343 1.3872939 1.1672951 1.5153615 1.0451043 1.2974125 1.8535749 1.3302119 1.0754056 1.0470754 1.1070997 1.2728870 
GCF_000169415-1-SSE37_RS08100  1.5088533 0.3621295 0.0000000 0.3483295 2.2475022 1.2708494 1.3759524 1.2885230 1.1968304 2.1332922 1.4400365 1.3467159 1.4578176 1.2780803 1.1400947 2.0198227 1.4163578 1.0789712 0.9638976 1.1254719 1.3667594 
GCF_900110775-1-BSF79_RS18365  1.4840849 0.3437854 0.3483295 0.0000000 2.5504305 1.3244052 1.5194420 1.4394105 1.5536403 2.4678237 1.5022670 1.2030075 1.6589888 1.1557915 1.4032892 2.2626949 1.2723889 0.9325862 0.9541588 1.0818375 1.3800299 
GCF_000017565-1-PLAV_RS12075   1.5070598 2.3597655 2.2475022 2.5504305 0.0000000 1.8800364 1.8219415 1.5344077 1.2846016 1.2488438 1.8357124 1.2555922 1.1194590 1.6158608 1.6156371 1.7324901 1.4555206 2.5641494 1.4092326 1.9148313 2.4291319 
GCF_000017565-1-PLAV_RS12070   0.8924857 1.4710294 1.2708494 1.3244052 1.8800364 0.0000000 1.0927561 0.9816448 1.0090464 1.6378886 0.9834059 1.1343338 1.3879772 1.0245460 0.7898754 1.7694337 1.0948694 1.6378421 1.2304419 1.5446071 1.3408148 
GCF_000017565-1-PLAV_RS11965   1.1038681 1.2332305 1.3759524 1.5194420 1.8219415 1.0927561 0.0000000 1.1350192 1.1653643 1.2620316 1.2106489 1.4178977 1.2108311 0.5873502 1.1224662 1.4516989 1.0495701 1.8512833 1.7217113 1.7146879 1.7991745 
GCF_000017565-1-PLAV_RS11955   1.0187516 1.3620809 1.2885230 1.4394105 1.5344077 0.9816448 1.1350192 0.0000000 0.9828464 1.6325270 0.9854587 1.0986173 0.9679758 1.0270224 0.4718196 1.3417970 1.1408699 1.5154554 1.4842568 1.4207986 1.7622260 
GCF_000017565-1-PLAV_RS10335   0.9328052 1.1303549 1.1968304 1.5536403 1.2846016 1.0090464 1.1653643 0.9828464 0.0000000 1.2726678 0.9317567 0.7535475 1.0652636 1.0844322 0.9610662 1.3215178 0.9434370 1.2686921 1.1482900 1.2330180 1.1672899 
GCF_000017565-1-PLAV_RS05525   1.3441358 2.2580343 2.1332922 2.4678237 1.2488438 1.6378886 1.2620316 1.6325270 1.2726678 0.0000000 1.5234159 1.2192068 1.6090941 1.4281696 1.8851524 1.8942095 1.4605602 2.1305731 2.1600912 1.9369264 2.4901014 
GCF_001687365-1-ADU59_RS05750  1.1643746 1.3872939 1.4400365 1.5022670 1.8357124 0.9834059 1.2106489 0.9854587 0.9317567 1.5234159 0.0000000 1.0308003 1.1506296 0.9127277 0.9368697 1.4878028 1.4151035 1.7097544 1.5517869 2.0966213 2.1738543 
GCF_000385335-1-A3OQ_RS0103935 1.1695882 1.1672951 1.3467159 1.2030075 1.2555922 1.1343338 1.4178977 1.0986173 0.7535475 1.2192068 1.0308003 0.0000000 0.9884569 1.1851682 1.0849057 1.3715110 0.9012736 1.4183207 1.0603167 1.2330970 1.5040842 
GCF_900168195-1-B5Y19_RS10715  0.9513203 1.5153615 1.4578176 1.6589888 1.1194590 1.3879772 1.2108311 0.9679758 1.0652636 1.6090941 1.1506296 0.9884569 0.0000000 1.2249561 0.9536755 0.9068360 1.0578994 1.4211646 1.3335836 1.9026729 1.8198023 
GCF_900168195-1-B5Y19_RS10675  1.0776884 1.0451043 1.2780803 1.1557915 1.6158608 1.0245460 0.5873502 1.0270224 1.0844322 1.4281696 0.9127277 1.1851682 1.2249561 0.0000000 0.8439477 1.5488977 1.1177531 1.8206649 1.6419434 1.9044789 2.0656028 
GCF_900168195-1-B5Y19_RS10665  1.0389394 1.2974125 1.1400947 1.4032892 1.6156371 0.7898754 1.1224662 0.4718196 0.9610662 1.8851524 0.9368697 1.0849057 0.9536755 0.8439477 0.0000000 1.3171522 1.2862249 1.5058144 1.3581204 1.5753029 1.5490353 
GCF_000374005-1-B152_RS0109090 1.5442621 1.8535749 2.0198227 2.2626949 1.7324901 1.7694337 1.4516989 1.3417970 1.3215178 1.8942095 1.4878028 1.3715110 0.9068360 1.5488977 1.3171522 0.0000000 1.4783331 2.0683330 1.5608096 1.8838930 1.7528889 
GCF_002208825-2-CEP68_RS27755  1.2225948 1.3302119 1.4163578 1.2723889 1.4555206 1.0948694 1.0495701 1.1408699 0.9434370 1.4605602 1.4151035 0.9012736 1.0578994 1.1177531 1.2862249 1.4783331 0.0000000 1.3859930 1.1862145 1.4064111 1.4930685 
GCF_001870665-2-BG454_RS16400  1.4702265 1.0754056 1.0789712 0.9325862 2.5641494 1.6378421 1.8512833 1.5154554 1.2686921 2.1305731 1.7097544 1.4183207 1.4211646 1.8206649 1.5058144 2.0683330 1.3859930 0.0000000 0.5547897 0.9551991 0.9442774 
GCF_001687365-1-ADU59_RS19520  1.3122621 1.0470754 0.9638976 0.9541588 1.4092326 1.2304419 1.7217113 1.4842568 1.1482900 2.1600912 1.5517869 1.0603167 1.3335836 1.6419434 1.3581204 1.5608096 1.1862145 0.5547897 0.0000000 0.8393253 0.7802140 
GCF_000421265-1-K355_RS0119855 1.3114313 1.1070997 1.1254719 1.0818375 1.9148313 1.5446071 1.7146879 1.4207986 1.2330180 1.9369264 2.0966213 1.2330970 1.9026729 1.9044789 1.5753029 1.8838930 1.4064111 0.9551991 0.8393253 0.0000000 0.7756127 
GCF_000374005-1-B152_RS0108145 1.8368026 1.2728870 1.3667594 1.3800299 2.4291319 1.3408148 1.7991745 1.7622260 1.1672899 2.4901014 2.1738543 1.5040842 1.8198023 2.0656028 1.5490353 1.7528889 1.4930685 0.9442774 0.7802140 0.7756127 0.0000000 
