25
GCF_000021325-1-GDIA_RS09815   0.0000000 1.5360788 0.9320045 1.1496092 1.0820450 0.9396711 1.3625547 1.2731433 1.1796676 0.9990531 1.0618689 1.1296901 1.6268184 1.2892867 1.4000563 1.3336725 1.1568445 1.1801024 1.4205726 1.5585263 1.2767483 1.6316065 1.4360920 1.3268389 2.0197393 
GCF_000017565-1-PLAV_RS12075   1.5360788 0.0000000 1.9078088 1.8603946 1.5376535 1.3036945 1.2691797 1.8658650 1.2739884 1.1315111 1.6368975 1.6823806 1.7975384 1.5253423 1.6627379 1.5159118 1.4040508 1.4211890 1.7866451 1.8121544 1.8251972 2.6672545 1.4669252 1.9762107 2.5174964 
GCF_000017565-1-PLAV_RS12070   0.9320045 1.9078088 0.0000000 1.1722254 0.9810448 1.0210232 1.6559568 1.0001496 1.1508227 1.3969257 1.1110431 0.8159919 1.9347576 1.1400505 1.2357828 1.2654030 1.1450048 1.2959697 1.5765938 1.4697232 1.4222055 1.7608916 1.3132973 1.5773072 1.4525335 
GCF_000017565-1-PLAV_RS11965   1.1496092 1.8603946 1.1722254 0.0000000 1.1743594 1.1868741 1.2766599 1.2707300 1.4530256 1.2907326 0.5951415 1.2040129 1.5856073 1.2210543 1.4205508 1.5468954 1.5197169 1.5580019 1.7346813 1.8948279 1.4317316 2.0985014 1.9424709 1.7588864 2.0244023 
GCF_000017565-1-PLAV_RS11955   1.0820450 1.5376535 0.9810448 1.1743594 0.0000000 1.0302910 1.6495873 1.0391884 1.1170008 0.9655594 1.0756040 0.4762894 1.4641709 1.1599662 1.2195446 1.0670357 1.2497303 1.3651917 1.4049710 1.1689811 1.4118372 1.5862064 1.5725722 1.4843092 1.9523360 
GCF_000017565-1-PLAV_RS10335   0.9396711 1.3036945 1.0210232 1.1868741 1.0302910 0.0000000 1.2912325 0.9491373 0.7614784 1.0795772 1.1056500 0.9939897 1.3553168 0.9713411 0.9319552 1.0215061 0.8926821 1.0166908 1.3028474 1.5910753 1.2083218 1.2842509 1.1631656 1.2575050 1.1971719 
GCF_000017565-1-PLAV_RS05525   1.3625547 1.2691797 1.6559568 1.2766599 1.6495873 1.2912325 0.0000000 1.5531524 1.2359903 1.6327333 1.4457311 1.9155177 2.0042383 1.5190569 1.3731582 1.4756803 1.3990334 1.5737856 1.9219404 1.8575022 1.7576013 2.1732910 2.1816412 1.9786382 2.5727830 
GCF_001687365-1-ADU59_RS05750  1.2731433 1.8658650 1.0001496 1.2707300 1.0391884 0.9491373 1.5531524 0.0000000 1.0518928 1.1700789 1.0488816 0.9686200 1.5709862 1.5416136 1.4263204 1.4993588 1.4134041 1.2980475 1.6424132 1.9282381 1.2231506 1.7754665 1.6031090 2.1483135 2.2524563 
GCF_000385335-1-A3OQ_RS0103935 1.1796676 1.2739884 1.1508227 1.4530256 1.1170008 0.7614784 1.2359903 1.0518928 0.0000000 1.0031456 1.2134690 1.1091457 1.4606926 0.8952521 1.1230205 1.2433731 1.0717631 1.0203659 1.1690558 1.0587327 0.9419151 1.4510918 1.0838696 1.2603407 1.5431055 
GCF_900168195-1-B5Y19_RS10715  0.9990531 1.1315111 1.3969257 1.2907326 0.9655594 1.0795772 1.6327333 1.1700789 1.0031456 0.0000000 1.3226728 0.9590847 0.9749974 1.1347574 1.1182847 1.3771171 1.3429468 1.5494324 1.4380110 1.0676193 1.1164956 1.5489083 1.4514135 1.9315903 1.9838181 
GCF_900168195-1-B5Y19_RS10675  1.0618689 1.6368975 1.1110431 0.5951415 1.0756040 1.1056500 1.4457311 1.0488816 1.2134690 1.3226728 0.0000000 0.9162239 1.6650846 1.2449194 1.2614349 1.3639391 1.1847424 1.2716195 1.7468014 1.4370759 1.2752151 1.9394982 1.7370593 1.9517477 2.3085822 
GCF_900168195-1-B5Y19_RS10665  1.1296901 1.6823806 0.8159919 1.2040129 0.4762894 0.9939897 1.9155177 0.9686200 1.1091457 0.9590847 0.9162239 0.0000000 1.4673684 1.3565981 1.2605407 1.3854414 1.1108037 1.2633792 1.4847361 1.2865535 1.0500815 1.5892146 1.4426868 1.5984189 1.6969644 
GCF_000374005-1-B152_RS0109090 1.6268184 1.7975384 1.9347576 1.5856073 1.4641709 1.3553168 2.0042383 1.5709862 1.4606926 0.9749974 1.6650846 1.4673684 0.0000000 1.5338666 1.7961703 1.7618408 1.8523616 1.6914079 1.9271659 1.9973933 1.6679768 2.1462813 1.6097549 1.9490543 1.8843023 
GCF_002208825-2-CEP68_RS27755  1.2892867 1.5253423 1.1400505 1.2210543 1.1599662 0.9713411 1.5190569 1.5416136 0.8952521 1.1347574 1.2449194 1.3565981 1.5338666 0.0000000 1.1861094 1.2197876 1.1128546 1.0805359 1.2563642 1.0539104 0.9959780 1.4172315 1.1788907 1.4337318 1.5753314 
GCF_000423645.1-G568_RS0115095 1.4000563 1.6627379 1.2357828 1.4205508 1.2195446 0.9319552 1.3731582 1.4263204 1.1230205 1.1182847 1.2614349 1.2605407 1.7961703 1.1861094 0.0000000 0.1977782 0.2965992 0.3201266 0.5150122 0.9301313 0.7578036 0.9663389 0.7027995 0.6670865 0.8922110 
GCF_900110775.1-BSF79_RS15930  1.3336725 1.5159118 1.2654030 1.5468954 1.0670357 1.0215061 1.4756803 1.4993588 1.2433731 1.3771171 1.3639391 1.3854414 1.7618408 1.2197876 0.1977782 0.0000000 0.2417523 0.2939764 0.4842784 0.9284730 0.8762471 1.0072789 0.7902579 0.7853416 0.9173375 
GCF_000169415.1-SSE37_RS16260  1.1568445 1.4040508 1.1450048 1.5197169 1.2497303 0.8926821 1.3990334 1.4134041 1.0717631 1.3429468 1.1847424 1.1108037 1.8523616 1.1128546 0.2965992 0.2417523 0.0000000 0.3197360 0.5125842 0.8871975 0.7858871 1.0186700 0.8363155 0.8046405 0.9292484 
GCF_000442315.1-RUTHE_RS05685  1.1801024 1.4211890 1.2959697 1.5580019 1.3651917 1.0166908 1.5737856 1.2980475 1.0203659 1.5494324 1.2716195 1.2633792 1.6914079 1.0805359 0.3201266 0.2939764 0.3197360 0.0000000 0.5595721 0.8961229 0.7986309 1.0548101 0.6886552 0.7728487 1.0030240 
GCF_001870665.2-BG454_RS09765  1.4205726 1.7866451 1.5765938 1.7346813 1.4049710 1.3028474 1.9219404 1.6424132 1.1690558 1.4380110 1.7468014 1.4847361 1.9271659 1.2563642 0.5150122 0.4842784 0.5125842 0.5595721 0.0000000 1.0187413 0.9180876 0.9255654 0.6754208 0.7390120 1.0925797 
GCF_002208825-2-CEP68_RS17635  1.5585263 1.8121544 1.4697232 1.8948279 1.1689811 1.5910753 1.8575022 1.9282381 1.0587327 1.0676193 1.4370759 1.2865535 1.9973933 1.0539104 0.9301313 0.9284730 0.8871975 0.8961229 1.0187413 0.0000000 0.6710361 1.0065890 0.8950892 1.0462582 1.1759746 
GCF_001687365-1-ADU59_RS12685  1.2767483 1.8251972 1.4222055 1.4317316 1.4118372 1.2083218 1.7576013 1.2231506 0.9419151 1.1164956 1.2752151 1.0500815 1.6679768 0.9959780 0.7578036 0.8762471 0.7858871 0.7986309 0.9180876 0.6710361 0.0000000 0.7739068 0.7328959 0.7225835 0.8828800 
GCF_001870665.2-BG454_RS16400  1.6316065 2.6672545 1.7608916 2.0985014 1.5862064 1.2842509 2.1732910 1.7754665 1.4510918 1.5489083 1.9394982 1.5892146 2.1462813 1.4172315 0.9663389 1.0072789 1.0186700 1.0548101 0.9255654 1.0065890 0.7739068 0.0000000 0.5616704 0.9697469 1.0135905 
GCF_001687365.1-ADU59_RS19520  1.4360920 1.4669252 1.3132973 1.9424709 1.5725722 1.1631656 2.1816412 1.6031090 1.0838696 1.4514135 1.7370593 1.4426868 1.6097549 1.1788907 0.7027995 0.7902579 0.8363155 0.6886552 0.6754208 0.8950892 0.7328959 0.5616704 0.0000000 0.8532256 0.8343441 
GCF_000421265.1-K355_RS0119855 1.3268389 1.9762107 1.5773072 1.7588864 1.4843092 1.2575050 1.9786382 2.1483135 1.2603407 1.9315903 1.9517477 1.5984189 1.9490543 1.4337318 0.6670865 0.7853416 0.8046405 0.7728487 0.7390120 1.0462582 0.7225835 0.9697469 0.8532256 0.0000000 0.7951423 
GCF_000374005.1-B152_RS0108145 2.0197393 2.5174964 1.4525335 2.0244023 1.9523360 1.1971719 2.5727830 2.2524563 1.5431055 1.9838181 2.3085822 1.6969644 1.8843023 1.5753314 0.8922110 0.9173375 0.9292484 1.0030240 1.0925797 1.1759746 0.8828800 1.0135905 0.8343441 0.7951423 0.0000000 
