25
GCF_000021325-1-GDIA_RS09815   0.0000000 1.5862831 0.8888257 1.0129185 1.0265582 0.9214739 1.3324256 1.1703216 1.1673760 0.9599898 1.0057280 1.0481995 1.6732923 1.2587458 1.3650197 1.3026724 1.1182981 1.1477574 1.3766663 1.5405410 1.2786196 1.5679012 1.3798836 1.3574464 1.9443459 
GCF_000017565-1-PLAV_RS12075   1.5862831 0.0000000 1.9433761 1.9078755 1.6327112 1.3678353 1.3315187 1.9382818 1.3391100 1.2341630 1.6106034 1.7537561 1.8582068 1.5453494 1.7549384 1.5949840 1.4765966 1.4932321 1.8961849 1.8378893 1.9327421 2.7855480 1.5139427 2.0589625 2.6489553 
GCF_000017565-1-PLAV_RS12070   0.8888257 1.9433761 0.0000000 1.1252325 1.0159504 1.0232624 1.6742120 1.0479258 1.1740517 1.4186588 1.0951826 0.8365182 1.9651674 1.0971995 1.2443142 1.2707707 1.1642573 1.2988991 1.5487659 1.4596366 1.4804749 1.7325916 1.2884536 1.6626636 1.4397542 
GCF_000017565-1-PLAV_RS11965   1.0129185 1.9078755 1.1252325 0.0000000 1.1707179 1.1988247 1.2886724 1.3390125 1.5063451 1.2662764 0.6095567 1.2091260 1.5798083 1.1626685 1.4304899 1.5596669 1.5664923 1.5737807 1.6978394 1.8720107 1.5066208 2.0419249 1.8871523 1.8168639 2.0151146 
GCF_000017565-1-PLAV_RS11955   1.0265582 1.6327112 1.0159504 1.1707179 0.0000000 1.0575298 1.7227321 1.0809224 1.1537317 0.9815853 1.0352095 0.4851335 1.5247398 1.1779829 1.2623362 1.1017618 1.2880308 1.4176564 1.4619209 1.1943250 1.4632053 1.6346502 1.6052265 1.5316176 1.9688013 
GCF_000017565-1-PLAV_RS10335   0.9214739 1.3678353 1.0232624 1.1988247 1.0575298 0.0000000 1.3585583 1.0122025 0.7875418 1.0503173 1.0873536 1.0033790 1.4211531 0.9739579 0.9678627 1.0626908 0.9251122 1.0562196 1.3676757 1.5647003 1.2633827 1.3230665 1.1903233 1.2914498 1.2086280 
GCF_000017565-1-PLAV_RS05525   1.3324256 1.3315187 1.6742120 1.2886724 1.7227321 1.3585583 0.0000000 1.6027041 1.2964770 1.7136552 1.4078775 1.9923435 1.9946046 1.5695627 1.4415209 1.5525565 1.4646296 1.6590442 2.0511990 1.8870027 1.8685254 2.3214036 2.3272227 2.0553715 2.6983525 
GCF_001687365-1-ADU59_RS05750  1.1703216 1.9382818 1.0479258 1.3390125 1.0809224 1.0122025 1.6027041 0.0000000 1.0987829 1.2922410 1.0127813 0.9970555 1.6260130 1.5801325 1.5003318 1.5766570 1.4803013 1.3598147 1.7590569 1.9933779 1.3168592 1.8617461 1.6749824 2.3286867 2.4358876 
GCF_000385335-1-A3OQ_RS0103935 1.1673760 1.3391100 1.1740517 1.5063451 1.1537317 0.7875418 1.2964770 1.0987829 0.0000000 1.0268553 1.2571307 1.1559667 1.4536858 0.9003023 1.1763857 1.3043493 1.1184254 1.0628517 1.2235914 1.0761251 0.9815419 1.5071172 1.1175155 1.3044538 1.6236123 
GCF_900168195-1-B5Y19_RS10715  0.9599898 1.2341630 1.4186588 1.2662764 0.9815853 1.0503173 1.7136552 1.2922410 1.0268553 0.0000000 1.3195911 0.9679254 0.9597781 1.1201708 1.1416324 1.4288890 1.3820917 1.6113901 1.4553392 1.0252150 1.1373323 1.4745779 1.3812980 2.0053380 1.8079589 
GCF_900168195-1-B5Y19_RS10675  1.0057280 1.6106034 1.0951826 0.6095567 1.0352095 1.0873536 1.4078775 1.0127813 1.2571307 1.3195911 0.0000000 0.8677893 1.6958616 1.2476121 1.2749398 1.3838884 1.2236190 1.2895095 1.7272395 1.4672344 1.2998383 1.9978464 1.7823543 2.0177498 2.3398377 
GCF_900168195-1-B5Y19_RS10665  1.0481995 1.7537561 0.8365182 1.2091260 0.4851335 1.0033790 1.9923435 0.9970555 1.1559667 0.9679254 0.8677893 0.0000000 1.4781944 1.3598346 1.3004091 1.4327049 1.1449760 1.3023125 1.5187644 1.2967093 1.0917831 1.6383135 1.4459970 1.6444421 1.7464212 
GCF_000374005-1-B152_RS0109090 1.6732923 1.8582068 1.9651674 1.5798083 1.5247398 1.4211531 1.9946046 1.6260130 1.4536858 0.9597781 1.6958616 1.4781944 0.0000000 1.5952387 1.7602576 1.7297351 1.8460005 1.6558028 1.9913026 2.0461100 1.7006965 2.3086351 1.7133728 2.0693259 1.9385467 
GCF_002208825-2-CEP68_RS27755  1.2587458 1.5453494 1.0971995 1.1626685 1.1779829 0.9739579 1.5695627 1.5801325 0.9003023 1.1201708 1.2476121 1.3598346 1.5952387 0.0000000 1.2041908 1.2373011 1.1437114 1.0934468 1.2601974 1.0744546 0.9862470 1.4787721 1.2501018 1.4805838 1.5458792 
GCF_000423645-1-G568_RS0115095 1.3650197 1.7549384 1.2443142 1.4304899 1.2623362 0.9678627 1.4415209 1.5003318 1.1763857 1.1416324 1.2749398 1.3004091 1.7602576 1.2041908 0.0000000 0.1993234 0.3003800 0.3239503 0.5275882 0.9406642 0.7819491 0.9933653 0.7128766 0.6870258 0.9086276 
GCF_900110775-1-BSF79_RS15930  1.3026724 1.5949840 1.2707707 1.5596669 1.1017618 1.0626908 1.5525565 1.5766570 1.3043493 1.4288890 1.3838884 1.4327049 1.7297351 1.2373011 0.1993234 0.0000000 0.2443278 0.2977053 0.4964375 0.9389658 0.9071479 1.0391174 0.8057626 0.8141756 0.9318875 
GCF_000169415-1-SSE37_RS16260  1.1182981 1.4765966 1.1642573 1.5664923 1.2880308 0.9251122 1.4646296 1.4803013 1.1184254 1.3820917 1.2236190 1.1449760 1.8460005 1.1437114 0.3003800 0.2443278 0.0000000 0.3236508 0.5254186 0.8961713 0.8120407 1.0358350 0.8404462 0.8334904 0.9607303 
GCF_000442315-1-RUTHE_RS05685  1.1477574 1.4932321 1.2988991 1.5737807 1.4176564 1.0562196 1.6590442 1.3598147 1.0628517 1.6113901 1.2895095 1.3023125 1.6558028 1.0934468 0.3239503 0.2977053 0.3236508 0.0000000 0.5721233 0.9043467 0.8243303 1.0845603 0.6969391 0.7982121 1.0212087 
GCF_001870665-2-BG454_RS09765  1.3766663 1.8961849 1.5487659 1.6978394 1.4619209 1.3676757 2.0511990 1.7590569 1.2235914 1.4553392 1.7272395 1.5187644 1.9913026 1.2601974 0.5275882 0.4964375 0.5254186 0.5721233 0.0000000 1.0142956 0.9518527 0.9141818 0.6587824 0.7620098 1.1057335 
GCF_002208825-2-CEP68_RS17635  1.5405410 1.8378893 1.4596366 1.8720107 1.1943250 1.5647003 1.8870027 1.9933779 1.0761251 1.0252150 1.4672344 1.2967093 2.0461100 1.0744546 0.9406642 0.9389658 0.8961713 0.9043467 1.0142956 0.0000000 0.6488134 1.0134940 0.8983085 1.0650420 1.1759577 
GCF_001687365-1-ADU59_RS12685  1.2786196 1.9327421 1.4804749 1.5066208 1.4632053 1.2633827 1.8685254 1.3168592 0.9815419 1.1373323 1.2998383 1.0917831 1.7006965 0.9862470 0.7819491 0.9071479 0.8120407 0.8243303 0.9518527 0.6488134 0.0000000 0.7542341 0.7128173 0.7326831 0.9099100 
GCF_001870665-2-BG454_RS16400  1.5679012 2.7855480 1.7325916 2.0419249 1.6346502 1.3230665 2.3214036 1.8617461 1.5071172 1.4745779 1.9978464 1.6383135 2.3086351 1.4787721 0.9933653 1.0391174 1.0358350 1.0845603 0.9141818 1.0134940 0.7542341 0.0000000 0.5773508 0.9900957 1.0099126 
GCF_001687365-1-ADU59_RS19520  1.3798836 1.5139427 1.2884536 1.8871523 1.6052265 1.1903233 2.3272227 1.6749824 1.1175155 1.3812980 1.7823543 1.4459970 1.7133728 1.2501018 0.7128766 0.8057626 0.8404462 0.6969391 0.6587824 0.8983085 0.7128173 0.5773508 0.0000000 0.8670388 0.8258923 
GCF_000421265-1-K355_RS0119855 1.3574464 2.0589625 1.6626636 1.8168639 1.5316176 1.2914498 2.0553715 2.3286867 1.3044538 2.0053380 2.0177498 1.6444421 2.0693259 1.4805838 0.6870258 0.8141756 0.8334904 0.7982121 0.7620098 1.0650420 0.7326831 0.9900957 0.8670388 0.0000000 0.8271727 
GCF_000374005-1-B152_RS0108145 1.9443459 2.6489553 1.4397542 2.0151146 1.9688013 1.2086280 2.6983525 2.4358876 1.6236123 1.8079589 2.3398377 1.7464212 1.9385467 1.5458792 0.9086276 0.9318875 0.9607303 1.0212087 1.1057335 1.1759577 0.9099100 1.0099126 0.8258923 0.8271727 0.0000000 
